AxAxv/T =10  K= 7
 nombres de flops : 4192256
 nbrcycles: 10384794
 nbrsecondes: 0.004954
 nbrmillisecondes: 4.953960
 CPI: 2.477137
 IPC: 0.403692