AxAxv/T =12  K= 7
 nombres de flops : 67100672
 nbrcycles: 150843420
 nbrsecondes: 0.071963
 nbrmillisecondes: 71.962545
 CPI: 2.248017
 IPC: 0.444837