AxAxv/T =12  K= 16
 nombres de flops : 67100672
 nbrcycles: 71191827
 nbrsecondes: 0.033963
 nbrmillisecondes: 33.963367
 CPI: 1.060970
 IPC: 0.942533