AxAxv/T =1  K= 1
 nombres de flops : 12
 nbrcycles: 85323
 nbrsecondes: 0.000041
 nbrmillisecondes: 0.040765
 CPI: 7110.250000
 IPC: 0.000141