AxAxv/T =11  K= 7
 nombres de flops : 16773120
 nbrcycles: 34312110
 nbrsecondes: 0.016369
 nbrmillisecondes: 16.368800
 CPI: 2.045661
 IPC: 0.488840