AxAxv/T =1  K= 16
 nombres de flops : 12
 nbrcycles: 21000
 nbrsecondes: 0.000010
 nbrmillisecondes: 0.010058
 CPI: 1750.000000
 IPC: 0.000571