AxAxv/T =2  K= 1
 nombres de flops : 56
 nbrcycles: 22092
 nbrsecondes: 0.000011
 nbrmillisecondes: 0.010570
 CPI: 394.500000
 IPC: 0.002535