AxAxv/T =2  K= 7
 nombres de flops : 56
 nbrcycles: 40530
 nbrsecondes: 0.000019
 nbrmillisecondes: 0.019395
 CPI: 723.750000
 IPC: 0.001382