AxAxv/T =2  K= 16
 nombres de flops : 56
 nbrcycles: 20685
 nbrsecondes: 0.000010
 nbrmillisecondes: 0.009928
 CPI: 369.375000
 IPC: 0.002707