AxAxv/T =3  K= 16
 nombres de flops : 240
 nbrcycles: 20874
 nbrsecondes: 0.000010
 nbrmillisecondes: 0.009998
 CPI: 86.975000
 IPC: 0.011498