AxAxv/T =4  K= 7
 nombres de flops : 992
 nbrcycles: 62454
 nbrsecondes: 0.000030
 nbrmillisecondes: 0.029835
 CPI: 62.957661
 IPC: 0.015884