AxAxv/T =4  K= 1
 nombres de flops : 992
 nbrcycles: 62328
 nbrsecondes: 0.000030
 nbrmillisecondes: 0.029774
 CPI: 62.830645
 IPC: 0.015916