AxAxv/T =5  K= 1
 nombres de flops : 4032
 nbrcycles: 151053
 nbrsecondes: 0.000072
 nbrmillisecondes: 0.072131
 CPI: 37.463542
 IPC: 0.026693