AxAxv/T =6  K= 1
 nombres de flops : 16256
 nbrcycles: 502656
 nbrsecondes: 0.000240
 nbrmillisecondes: 0.239868
 CPI: 30.921260
 IPC: 0.032340