AxAxv/T =6  K= 7
 nombres de flops : 16256
 nbrcycles: 166572
 nbrsecondes: 0.000079
 nbrmillisecondes: 0.079335
 CPI: 10.246801
 IPC: 0.097591