AxAxv/T =7  K= 7
 nombres de flops : 65280
 nbrcycles: 233100
 nbrsecondes: 0.000111
 nbrmillisecondes: 0.111244
 CPI: 3.570772
 IPC: 0.280051