AxAxv/T =7  K= 1
 nombres de flops : 65280
 nbrcycles: 1918896
 nbrsecondes: 0.000915
 nbrmillisecondes: 0.915222
 CPI: 29.394853
 IPC: 0.034020