AxAxv/T =8  K= 7
 nombres de flops : 261632
 nbrcycles: 660828
 nbrsecondes: 0.000315
 nbrmillisecondes: 0.315266
 CPI: 2.525792
 IPC: 0.395915