AxAxv/T =9  K= 16
 nombres de flops : 1047552
 nbrcycles: 1352841
 nbrsecondes: 0.000645
 nbrmillisecondes: 0.645069
 CPI: 1.291431
 IPC: 0.774335