Matrice : 
 83 72 98 30 63 47 50 30 73 14 59 22 47 24 82 35

 32 4 54 43 98 86 40 78 59 62 62 83 41 48 23 24

 72 22 54 35 21 57 65 47 71 76 69 18 1 3 53 33

 7 59 28 6 97 20 84 8 34 98 91 76 98 15 52 71

 89 59 6 10 16 24 9 39 0 78 9 53 81 14 38 89

 26 67 47 23 87 31 32 22 81 75 50 79 90 54 50 31

 13 57 94 81 81 3 20 33 82 81 87 15 96 25 4 22

 92 51 97 32 34 81 6 15 57 8 95 99 62 97 83 76

 54 77 9 87 32 82 21 66 63 60 82 11 85 86 85 30

 90 83 14 76 16 20 92 25 28 39 25 90 36 60 18 43

 37 28 82 21 10 55 88 25 15 70 37 53 8 22 83 50

 57 97 27 26 69 71 51 49 10 28 39 98 88 10 93 77

 90 76 99 52 31 87 77 99 57 66 52 17 41 35 68 98

 84 95 76 5 66 28 54 28 8 93 78 97 55 72 74 45

 0 25 97 83 12 27 82 21 93 34 39 34 21 59 85 57

 54 61 62 72 41 16 52 50 62 82 99 17 54 73 15 6

Matrice : 
 83 32 72 7 89 26 13 92 54 90 37 57 90 84 0 54

 72 4 22 59 59 67 57 51 77 83 28 97 76 95 25 61

 98 54 54 28 6 47 94 97 9 14 82 27 99 76 97 62

 30 43 35 6 10 23 81 32 87 76 21 26 52 5 83 72

 63 98 21 97 16 87 81 34 32 16 10 69 31 66 12 41

 47 86 57 20 24 31 3 81 82 20 55 71 87 28 27 16

 50 40 65 84 9 32 20 6 21 92 88 51 77 54 82 52

 30 78 47 8 39 22 33 15 66 25 25 49 99 28 21 50

 73 59 71 34 0 81 82 57 63 28 15 10 57 8 93 62

 14 62 76 98 78 75 81 8 60 39 70 28 66 93 34 82

 59 62 69 91 9 50 87 95 82 25 37 39 52 78 39 99

 22 83 18 76 53 79 15 99 11 90 53 98 17 97 34 17

 47 41 1 98 81 90 96 62 85 36 8 88 41 55 21 54

 24 48 3 15 14 54 25 97 86 60 22 10 35 72 59 73

 82 23 53 52 38 50 4 83 85 18 83 93 68 74 85 15

 35 24 33 71 89 31 22 76 30 43 50 77 98 45 57 6
