AxAtxv/T =10  K= 1
 nombres de flops : 4192256
 nbrcycles: 112122486
 nbrsecondes: 0.053489
 nbrmillisecondes: 53.489208
 CPI: 26.745143
 IPC: 0.037390