AxAtxv/T =1  K= 16
 nombres de flops : 12
 nbrcycles: 3234
 nbrsecondes: 0.000002
 nbrmillisecondes: 0.001603
 CPI: 269.500000
 IPC: 0.003711