AxAtxv/T =3  K= 1
 nombres de flops : 240
 nbrcycles: 7539
 nbrsecondes: 0.000004
 nbrmillisecondes: 0.003657
 CPI: 31.412500
 IPC: 0.031834