AxAtxv/T =3  K= 16
 nombres de flops : 240
 nbrcycles: 12243
 nbrsecondes: 0.000006
 nbrmillisecondes: 0.005941
 CPI: 51.012500
 IPC: 0.019603