AxAtxv/T =4  K= 16
 nombres de flops : 992
 nbrcycles: 6615
 nbrsecondes: 0.000003
 nbrmillisecondes: 0.003256
 CPI: 6.668347
 IPC: 0.149962