AxAtxv/T =4  K= 1
 nombres de flops : 992
 nbrcycles: 44520
 nbrsecondes: 0.000021
 nbrmillisecondes: 0.021278
 CPI: 44.879032
 IPC: 0.022282