AxAtxv/T =5  K= 1
 nombres de flops : 4032
 nbrcycles: 192045
 nbrsecondes: 0.000092
 nbrmillisecondes: 0.091638
 CPI: 47.630208
 IPC: 0.020995