AxAtxv/T =6  K= 7
 nombres de flops : 16256
 nbrcycles: 108318
 nbrsecondes: 0.000052
 nbrmillisecondes: 0.051784
 CPI: 6.663263
 IPC: 0.150077