AxAtxv/T =6  K= 16
 nombres de flops : 16256
 nbrcycles: 65457
 nbrsecondes: 0.000031
 nbrmillisecondes: 0.031308
 CPI: 4.026636
 IPC: 0.248346