AxAtxv/T =7  K= 7
 nombres de flops : 65280
 nbrcycles: 148050
 nbrsecondes: 0.000071
 nbrmillisecondes: 0.070729
 CPI: 2.267923
 IPC: 0.440932