AxAtxv/T =7  K= 1
 nombres de flops : 65280
 nbrcycles: 1651419
 nbrsecondes: 0.000788
 nbrmillisecondes: 0.787679
 CPI: 25.297472
 IPC: 0.039530