AxAtxv/T =8  K= 1
 nombres de flops : 261632
 nbrcycles: 4445196
 nbrsecondes: 0.002121
 nbrmillisecondes: 2.120664
 CPI: 16.990261
 IPC: 0.058857