AxAtxv/T =9  K= 7
 nombres de flops : 1047552
 nbrcycles: 3122490
 nbrsecondes: 0.001489
 nbrmillisecondes: 1.489270
 CPI: 2.980749
 IPC: 0.335486