AxAtxv/T =11  K= 16
 nombres de flops : 16773120
 nbrcycles: 39329493
 nbrsecondes: 0.018762
 nbrmillisecondes: 18.762417
 CPI: 2.344793
 IPC: 0.426477