AxAtxv/T =12  K= 1
 nombres de flops : 67100672
 nbrcycles: 2848278804
 nbrsecondes: 1.358819
 nbrmillisecondes: 1358.819037
 CPI: 42.447843
 IPC: 0.023558