AxAtxv/T =1  K= 1
 nombres de flops : 12
 nbrcycles: 3276
 nbrsecondes: 0.000002
 nbrmillisecondes: 0.001623
 CPI: 273.000000
 IPC: 0.003663