AxAtxv/T =11  K= 1
 nombres de flops : 16773120
 nbrcycles: 429995538
 nbrsecondes: 0.205135
 nbrmillisecondes: 205.134516
 CPI: 25.635990
 IPC: 0.039008