AxAtxv/T =11  K= 7
 nombres de flops : 16773120
 nbrcycles: 54587820
 nbrsecondes: 0.026042
 nbrmillisecondes: 26.041758
 CPI: 3.254482
 IPC: 0.307269