AxAtxv/T =1  K= 7
 nombres de flops : 12
 nbrcycles: 2856
 nbrsecondes: 0.000001
 nbrmillisecondes: 0.001403
 CPI: 238.000000
 IPC: 0.004202