AxAtxv/T =10  K= 7
 nombres de flops : 4192256
 nbrcycles: 11705463
 nbrsecondes: 0.005584
 nbrmillisecondes: 5.584291
 CPI: 2.792163
 IPC: 0.358145