AxAtxv/T =12  K= 7
 nombres de flops : 67100672
 nbrcycles: 238834155
 nbrsecondes: 0.113941
 nbrmillisecondes: 113.940535
 CPI: 3.559341
 IPC: 0.280951