AxAtxv/T =12  K= 16
 nombres de flops : 67100672
 nbrcycles: 139386387
 nbrsecondes: 0.066497
 nbrmillisecondes: 66.496987
 CPI: 2.077273
 IPC: 0.481400