AxAtxv/T =10  K= 16
 nombres de flops : 4192256
 nbrcycles: 4914126
 nbrsecondes: 0.002344
 nbrmillisecondes: 2.344383
 CPI: 1.172191
 IPC: 0.853103