AxAtxv/T =2  K= 7
 nombres de flops : 56
 nbrcycles: 3213
 nbrsecondes: 0.000002
 nbrmillisecondes: 0.001593
 CPI: 57.375000
 IPC: 0.017429