AxAtxv/T =2  K= 1
 nombres de flops : 56
 nbrcycles: 3969
 nbrsecondes: 0.000002
 nbrmillisecondes: 0.001974
 CPI: 70.875000
 IPC: 0.014109