AxAtxv/T =2  K= 16
 nombres de flops : 56
 nbrcycles: 2793
 nbrsecondes: 0.000001
 nbrmillisecondes: 0.001362
 CPI: 49.875000
 IPC: 0.020050