AxAtxv/T =3  K= 7
 nombres de flops : 240
 nbrcycles: 4725
 nbrsecondes: 0.000002
 nbrmillisecondes: 0.002304
 CPI: 19.687500
 IPC: 0.050794