AxAtxv/T =4  K= 7
 nombres de flops : 992
 nbrcycles: 10143
 nbrsecondes: 0.000005
 nbrmillisecondes: 0.004919
 CPI: 10.224798
 IPC: 0.097801