AxAtxv/T =5  K= 7
 nombres de flops : 4032
 nbrcycles: 49077
 nbrsecondes: 0.000024
 nbrmillisecondes: 0.023503
 CPI: 12.171875
 IPC: 0.082157