AxAtxv/T =5  K= 16
 nombres de flops : 4032
 nbrcycles: 44289
 nbrsecondes: 0.000021
 nbrmillisecondes: 0.021169
 CPI: 10.984375
 IPC: 0.091038