AxAtxv/T =6  K= 1
 nombres de flops : 16256
 nbrcycles: 491967
 nbrsecondes: 0.000235
 nbrmillisecondes: 0.234629
 CPI: 30.263718
 IPC: 0.033043