AxAtxv/T =7  K= 16
 nombres de flops : 65280
 nbrcycles: 94437
 nbrsecondes: 0.000045
 nbrmillisecondes: 0.045092
 CPI: 1.446645
 IPC: 0.691254