AxAtxv/T =8  K= 16
 nombres de flops : 261632
 nbrcycles: 403704
 nbrsecondes: 0.000193
 nbrmillisecondes: 0.192602
 CPI: 1.543022
 IPC: 0.648079