AxAtxv/T =8  K= 7
 nombres de flops : 261632
 nbrcycles: 658728
 nbrsecondes: 0.000314
 nbrmillisecondes: 0.314324
 CPI: 2.517765
 IPC: 0.397178