AxAtxv/T =9  K= 16
 nombres de flops : 1047552
 nbrcycles: 1325394
 nbrsecondes: 0.000632
 nbrmillisecondes: 0.632145
 CPI: 1.265230
 IPC: 0.790370