AxAtxv/T =9  K= 1
 nombres de flops : 1047552
 nbrcycles: 19020414
 nbrsecondes: 0.009074
 nbrmillisecondes: 9.073606
 CPI: 18.157012
 IPC: 0.055075