
Matrice : 
 15 70 13 26

 91 80 56 73

 62 70 96 81

 5 25 84 27

Matrice : 
 15 91 62 5

 70 80 70 25

 13 56 96 84

 26 73 81 27

