Test code du tp:

137 138 139 140 141 142 143 144 
153 154 155 156 157 158 159 160 
169 170 171 172 173 174 175 176 
185 186 187 188 189 190 191 192 
201 202 203 204 205 206 207 208 
217 218 219 220 221 222 223 224 
233 234 235 236 237 238 239 240 
249 250 251 252 253 254 255 256 

Mon algo 
*M size: 8*8 old
1 2 3 4 5 6 7 8 
9 10 11 12 13 14 15 16 
17 18 19 20 21 22 23 24 
25 26 27 28 29 30 31 32 
33 34 35 36 37 38 39 40 
41 42 43 44 45 46 47 48 
49 50 51 52 53 54 55 56 
57 58 59 60 61 62 63 64 


*M size: 8*8 new
1 9 17 25 33 41 49 57 
2 10 18 26 34 42 50 58 
3 11 19 27 35 43 51 59 
4 12 20 28 36 44 52 60 
5 13 21 29 37 45 53 61 
6 14 22 30 38 46 54 62 
7 15 23 31 39 47 55 63 
8 16 24 32 40 48 56 64 
