AxAxv/T =11  K= 16
 nombres de flops : 16773120
 nbrcycles: 20989101
 nbrsecondes: 0.010013
 nbrmillisecondes: 10.013002
 CPI: 1.251353
 IPC: 0.799135