AxAxv/T =10  K= 16
 nombres de flops : 4192256
 nbrcycles: 4902240
 nbrsecondes: 0.002339
 nbrmillisecondes: 2.338662
 CPI: 1.169356
 IPC: 0.855172