AxAxv/T =10  K= 1
 nombres de flops : 4192256
 nbrcycles: 62523552
 nbrsecondes: 0.029827
 nbrmillisecondes: 29.827491
 CPI: 14.914059
 IPC: 0.067051