AxAxv/T =1  K= 7
 nombres de flops : 12
 nbrcycles: 18627
 nbrsecondes: 0.000009
 nbrmillisecondes: 0.008926
 CPI: 1552.250000
 IPC: 0.000644