AxAxv/T =11  K= 1
 nombres de flops : 16773120
 nbrcycles: 237381375
 nbrsecondes: 0.113246
 nbrmillisecondes: 113.245516
 CPI: 14.152488
 IPC: 0.070659