AxAxv/T =12  K= 1
 nombres de flops : 67100672
 nbrcycles: 879075477
 nbrsecondes: 0.419376
 nbrmillisecondes: 419.375877
 CPI: 13.100845
 IPC: 0.076331