AxAxv/T =3  K= 1
 nombres de flops : 240
 nbrcycles: 22974
 nbrsecondes: 0.000011
 nbrmillisecondes: 0.011001
 CPI: 95.725000
 IPC: 0.010447