AxAxv/T =3  K= 7
 nombres de flops : 240
 nbrcycles: 16107
 nbrsecondes: 0.000008
 nbrmillisecondes: 0.007725
 CPI: 67.112500
 IPC: 0.014900