AxAxv/T =4  K= 16
 nombres de flops : 992
 nbrcycles: 63714
 nbrsecondes: 0.000030
 nbrmillisecondes: 0.030446
 CPI: 64.227823
 IPC: 0.015570