AxAxv/T =5  K= 7
 nombres de flops : 4032
 nbrcycles: 78918
 nbrsecondes: 0.000038
 nbrmillisecondes: 0.037699
 CPI: 19.572917
 IPC: 0.051091