AxAxv/T =5  K= 16
 nombres de flops : 4032
 nbrcycles: 70938
 nbrsecondes: 0.000034
 nbrmillisecondes: 0.033892
 CPI: 17.593750
 IPC: 0.056838