AxAxv/T =6  K= 16
 nombres de flops : 16256
 nbrcycles: 109326
 nbrsecondes: 0.000052
 nbrmillisecondes: 0.052135
 CPI: 6.725271
 IPC: 0.148693