AxAxv/T =7  K= 16
 nombres de flops : 65280
 nbrcycles: 113211
 nbrsecondes: 0.000054
 nbrmillisecondes: 0.054009
 CPI: 1.734237
 IPC: 0.576622