AxAxv/T =8  K= 16
 nombres de flops : 261632
 nbrcycles: 468762
 nbrsecondes: 0.000224
 nbrmillisecondes: 0.223619
 CPI: 1.791685
 IPC: 0.558134