AxAxv/T =8  K= 1
 nombres de flops : 261632
 nbrcycles: 4385094
 nbrsecondes: 0.002092
 nbrmillisecondes: 2.091821
 CPI: 16.760542
 IPC: 0.059664