AxAxv/T =9  K= 7
 nombres de flops : 1047552
 nbrcycles: 2832186
 nbrsecondes: 0.001351
 nbrmillisecondes: 1.350537
 CPI: 2.703623
 IPC: 0.369874