AxAxv/T =9  K= 1
 nombres de flops : 1047552
 nbrcycles: 18829251
 nbrsecondes: 0.008983
 nbrmillisecondes: 8.982510
 CPI: 17.974526
 IPC: 0.055634